1.28 1 18 1 1
1.72 1 27 2 1
3.04 1 51 2 1
4.85 1 83 1 1
5.50 1 95 1 1
6.80 1 120 3 1
7.34 1 129 1 1
8.91 1 157 1 1
9.09 1 160 1 1
9.70 1 171 1 1
9.86 1 174 1 1
10.07 1 178 1 1
10.88 1 193 1 1
12.06 1 215 1 1
14.94 1 269 1 1
17.81 1 322 1 1
21.75 1 394 1 1
21.86 1 396 1 1
22.51 1 408 1 1
22.97 1 416 1 1
24.26 1 439 1 1
24.59 1 446 2 1
24.86 1 451 2 1
25.36 1 459 1 1
25.99 1 470 1 1
26.94 1 487 1 1
28.24 1 510 3 1
29.13 1 525 1 1
30.37 1 547 4 1
30.65 1 552 1 1
31.88 1 574 1 1
31.88 1 575 2 1
32.68 1 588 4 1
32.85 1 592 2 1
32.90 1 593 3 1
33.30 1 599 1 1
33.76 1 607 1 1
34.22 1 616 2 1
34.50 1 620 1 1
34.78 1 626 2 1
35.23 1 633 1 1
35.68 1 641 1 1
36.02 1 648 2 1
37.85 1 681 2 1
38.37 1 690 2 1
38.53 1 692 1 1
40.58 1 728 1 1
40.75 1 731 1 1
40.75 1 732 2 1
41.52 1 744 1 1
41.63 1 747 2 1
42.30 1 759 2 1
43.20 1 775 2 1
43.75 1 784 1 1
44.91 1 804 1 1
45.24 1 810 1 1
45.30 1 812 2 1
45.81 1 820 1 1
46.15 1 827 3 1
47.45 1 849 1 1
47.95 1 859 2 1
47.95 1 858 2 1
48.01 1 860 2 1
48.74 1 872 1 1
50.05 1 896 4 1
51.47 1 922 1 1
52.56 1 942 4 1
53.40 1 957 1 1
53.67 1 963 2 1
53.73 1 963 1 1
54.34 1 975 2 1
54.67 1 980 1 1
54.95 1 986 2 1
56.49 1 1013 1 1
56.93 1 1022 3 1
58.53 1 1050 4 1
59.56 1 1069 1 1
62.45 1 1122 1 1
62.66 1 1126 4 1
63.04 1 1133 1 1
63.84 1 1148 1 1
70.80 1 1276 1 1
71.40 1 1287 1 1
72.75 1 1311 1 1
74.11 1 1336 1 1
75.19 1 1357 2 1
76.34 1 1377 1 1
76.90 1 1388 2 1
76.95 1 1388 1 1
82.77 1 1495 1 1
82.93 1 1498 1 1
86.94 1 1571 1 1
89.09 1 1610 1 1
91.54 1 1653 3 1
94.45 1 1703 1 1
95.65 1 1724 1 1
96.07 1 1731 1 1
96.43 1 1737 1 1
97.00 1 1747 1 1
97.22 1 1751 1 1
99.13 1 1785 1 1
99.46 1 1792 2 1
102.24 1 1841 1 1
102.36 1 1843 1 1
103.94 1 1871 1 1
105.08 1 1891 1 1
105.44 1 1897 1 1
105.50 1 1898 1 1
106.30 1 1912 1 1
106.59 1 1917 4 1
107.65 1 1935 1 1
108.04 1 1942 1 1
108.10 1 1944 2 1
109.65 1 1970 2 1
109.99 1 1975 4 1
110.39 1 1982 1 1
111.01 1 1993 1 1
111.36 1 2000 2 1
111.64 1 2004 1 1
112.43 1 2017 1 1
113.04 1 2028 1 1
113.49 1 2036 4 1
114.38 1 2052 1 1
114.66 1 2057 1 1
114.80 1 2059 1 1
115.97 1 2079 1 1
116.14 1 2082 1 1
116.98 1 2098 2 1
117.59 1 2108 1 1
120.14 1 2153 1 1
120.20 1 2155 2 1
120.31 1 2157 2 1
120.82 1 2166 2 1
121.10 1 2171 2 1
121.16 1 2171 1 1
122.20 1 2189 1 1
123.23 1 2208 2 1
123.57 1 2213 1 1
123.68 1 2215 1 1
124.73 1 2233 1 1
125.02 1 2239 2 1
125.26 1 2242 1 1
125.92 1 2253 1 1
126.09 1 2256 1 1
126.27 1 2259 4 1
126.67 1 2267 2 1
127.87 1 2287 4 1
128.49 1 2298 1 1
128.79 1 2303 4 1
128.95 1 2307 2 1
129.45 1 2314 1 1
130.11 1 2325 4 1
130.23 1 2327 1 1
130.68 1 2336 3 1
132.18 1 2362 1 1
135.33 1 2418 1 1
135.86 1 2428 3 1
136.05 1 2430 1 1
138.45 1 2471 1 1
138.83 1 2478 1 1
141.52 1 2526 1 1
143.45 1 2561 1 1
146.64 1 2620 3 1
149.69 1 2672 1 1
150.51 1 2687 1 1
152.46 1 2721 1 1
155.17 1 2770 1 1
157.77 1 2817 1 1
158.27 1 2826 1 1
160.19 1 2860 3 1
160.24 1 2860 1 1
160.31 1 2861 1 1
160.72 1 2868 1 1
161.11 1 2875 1 1
161.75 1 2886 1 1
162.21 1 2894 1 1
162.77 1 2904 1 1
163.33 1 2914 1 1
163.99 1 2925 1 1
164.80 1 2939 1 1
164.86 1 2941 2 1
166.25 1 2965 1 1
166.63 1 2973 2 1
167.42 1 2986 1 1
