0.45 4 17 1 1
0.45 4 17 2 1
0.66 4 27 2 1
0.83 4 35 1 1
0.91 4 39 1 1
1.06 4 46 3 1
1.63 4 72 2 2
1.99 4 87 1 1
2.08 4 91 2 1
2.25 4 98 1 1
2.39 4 104 2 1
2.53 4 110 2 1
2.63 4 114 1 1
2.75 4 119 2 1
2.92 4 126 2 1
2.92 4 126 1 1
2.97 4 128 3 1
3.04 4 131 1 1
3.17 4 137 2 1
3.22 4 139 1 1
3.24 4 140 1 1
3.42 4 148 1 1
3.44 4 149 2 1
3.49 4 151 1 1
4.03 4 170 1 1
4.06 4 171 2 1
4.35 4 182 1 1
4.72 4 196 1 1
4.80 4 199 2 1
4.91 4 203 3 1
5.85 4 239 1 1
6.12 4 249 3 1
6.12 4 249 4 1
6.33 4 257 1 2
6.77 4 274 3 1
7.08 4 286 2 1
7.27 4 293 2 1
7.64 4 307 2 1
7.90 4 317 2 1
8.34 4 334 2 1
8.37 4 335 2 1
8.63 4 345 2 1
8.73 4 349 1 1
8.81 4 352 2 1
9.27 4 369 2 1
9.37 4 372 2 1
9.99 4 393 1 1
10.38 4 408 1 1
10.52 4 413 1 1
11.02 4 435 1 1
