0.72 32 21 1 1
0.78 32 29 3 1
0.81 32 30 1 1
0.82 32 36 3 1
1.10 32 40 1 1
1.11 32 43 1 1
1.12 32 46 3 1
1.13 32 44 1 1
1.14 32 43 1 1
1.17 32 44 2 1
1.19 32 48 1 1
1.19 32 50 3 1
1.21 32 49 1 1
1.23 32 51 1 1
1.31 32 61 2 1
1.35 32 71 3 1
1.53 32 69 1 1
1.56 32 69 1 1
1.56 32 71 1 1
1.56 32 72 3 1
1.59 32 72 1 1
1.61 32 75 3 1
1.76 32 96 3 1
1.79 32 100 3 1
1.81 32 99 1 1
2.05 32 104 1 1
2.08 32 105 1 1
2.13 32 111 3 1
2.15 32 114 3 1
2.15 32 111 1 1
2.17 32 113 3 1
2.19 32 119 3 1
2.20 32 116 1 1
2.22 32 123 3 1
2.26 32 123 2 1
2.27 32 126 1 1
2.49 32 130 1 1
2.54 32 138 3 1
2.56 32 139 1 1
2.62 32 145 1 1
2.66 32 150 2 1
2.67 32 154 3 1
2.69 32 154 1 1
2.70 32 156 3 1
3.10 32 187 1 1
3.11 32 187 1 1
3.39 32 200 1 1
3.41 32 200 3 1
3.43 32 203 3 1
3.53 32 216 3 1
3.53 32 214 2 1
3.55 32 217 1 1
3.87 32 236 3 1
3.89 32 237 1 1
3.91 32 240 1 2
3.97 32 247 1 1
4.00 32 251 3 1
4.01 32 254 3 1
4.25 32 259 1 1
4.26 32 260 1 1
4.38 32 276 3 1
4.39 32 276 1 2
4.41 32 278 1 1
4.69 32 290 1 1
4.70 32 294 3 1
4.73 32 297 3 1
4.74 32 299 3 1
4.77 32 301 3 1
4.77 32 299 3 1
4.78 32 302 3 1
4.83 32 304 2 1
4.88 32 311 1 1
4.89 32 311 1 1
4.96 32 319 1 1
5.24 32 331 2 1
5.26 32 338 3 1
5.31 32 341 3 1
5.70 32 369 3 1
5.71 32 369 1 1
5.80 32 381 3 1
5.81 32 382 3 1
5.82 32 382 1 1
6.04 32 387 1 1
6.09 32 393 2 1
6.20 32 407 1 2
6.49 32 421 1 1
6.56 32 431 1 1
6.56 32 428 2 1
6.59 32 433 1 1
6.63 32 434 1 1
6.69 32 440 1 1
6.70 32 441 3 1
6.72 32 443 3 1
7.11 32 475 3 1
7.41 32 490 1 1
7.52 32 502 1 1
7.52 32 501 1 1
7.55 32 505 1 1
7.82 32 514 2 1
7.83 32 522 3 1
7.88 32 521 1 1
7.90 32 524 1 1
7.91 32 526 3 1
7.97 32 531 1 1
8.28 32 549 2 1
8.28 32 552 1 1
8.29 32 552 1 1
8.40 32 565 3 1
8.42 32 566 3 1
8.44 32 568 1 2
8.48 32 577 3 1
8.51 32 578 3 1
8.73 32 581 1 1
8.76 32 584 1 1
8.84 32 594 3 1
8.98 32 610 3 1
9.18 32 610 1 1
9.39 32 635 1 2
9.40 32 637 3 1
9.43 32 639 1 1
9.75 32 659 3 1
9.80 32 663 3 1
10.14 32 682 3 1
10.16 32 683 1 1
10.20 32 687 1 1
10.23 32 691 1 1
10.29 32 698 3 1
10.74 32 735 3 1
10.97 32 739 1 1
11.01 32 742 1 1
11.07 32 750 3 1
11.15 32 759 1 1
11.48 32 775 1 1
11.52 32 780 1 1
11.58 32 789 3 1
11.66 32 796 3 1
11.90 32 804 1 1
11.92 32 807 1 1
12.14 32 833 3 1
12.34 32 833 1 1
12.48 32 851 1 1
12.58 32 863 1 1
12.91 32 878 1 1
12.96 32 884 3 1
13.51 32 913 3 1
13.57 32 921 3 1
13.84 32 935 3 1
13.90 32 942 1 1
14.32 32 972 3 1
14.36 32 971 1 1
14.40 32 976 1 1
14.42 32 977 1 1
14.45 32 980 3 1
14.75 32 992 1 1
14.98 32 1015 1 1
15.04 32 1023 3 1
15.40 32 1046 1 1
15.47 32 1053 2 2
15.77 32 1063 1 1
15.77 32 1061 2 1
15.78 32 1064 1 1
15.96 32 1082 1 1
16.39 32 1103 1 1
16.43 32 1108 3 1
17.03 32 1151 2 1
17.29 32 1160 3 1
17.30 32 1157 3 1
17.31 32 1160 3 1
17.33 32 1159 3 1
17.35 32 1162 3 1
17.39 32 1164 3 1
17.42 32 1165 3 1
17.47 32 1170 1 1
17.92 32 1196 3 1
17.93 32 1199 3 1
17.93 32 1196 1 1
17.96 32 1201 3 1
18.00 32 1202 3 1
18.04 32 1203 3 1
18.06 32 1203 3 1
18.53 32 1230 1 1
18.62 32 1247 3 1
18.64 32 1244 1 1
18.65 32 1243 1 1
18.66 32 1243 1 1
18.66 32 1247 3 1
18.68 32 1245 1 1
18.68 32 1247 3 1
18.90 32 1249 3 1
18.92 32 1250 3 1
19.05 32 1264 1 1
19.11 32 1272 3 1
19.47 32 1284 1 1
19.51 32 1288 3 1
19.59 32 1298 2 1
19.63 32 1303 1 1
19.97 32 1314 3 1
20.01 32 1318 1 1
20.16 32 1335 3 1
20.17 32 1335 3 1
20.67 32 1352 1 1
20.73 32 1359 3 1
20.86 32 1374 3 1
21.18 32 1383 3 1
21.20 32 1381 1 1
21.22 32 1387 3 1
21.24 32 1390 3 1
21.26 32 1392 3 1
21.30 32 1394 1 1
21.32 32 1396 1 1
21.70 32 1411 1 1
21.81 32 1429 3 1
21.83 32 1425 1 1
21.84 32 1425 1 1
21.86 32 1431 3 1
21.86 32 1425 2 1
21.87 32 1426 1 1
21.89 32 1432 3 1
21.90 32 1429 1 1
21.92 32 1432 3 1
21.93 32 1432 3 1
21.96 32 1433 1 1
22.41 32 1466 3 1
22.42 32 1470 3 1
22.44 32 1470 3 1
22.68 32 1475 1 1
22.72 32 1479 2 1
22.87 32 1498 1 1
23.20 32 1518 3 1
23.35 32 1530 1 1
23.35 32 1529 1 1
23.41 32 1533 1 1
23.73 32 1543 3 1
23.76 32 1543 1 1
23.76 32 1545 3 1
23.78 32 1546 1 1
23.94 32 1566 1 1
24.18 32 1571 2 1
24.22 32 1577 1 1
24.35 32 1587 1 1
24.40 32 1593 1 1
24.74 32 1610 3 1
24.76 32 1610 3 1
24.85 32 1621 3 1
24.86 32 1622 1 1
24.93 32 1627 1 1
25.20 32 1635 3 1
25.35 32 1648 3 1
25.41 32 1653 3 1
25.43 32 1657 3 1
25.48 32 1660 2 1
26.00 32 1698 1 1
26.21 32 1697 1 1
26.24 32 1701 3 1
26.45 32 1724 3 1
26.48 32 1725 1 1
26.78 32 1739 3 1
26.81 32 1742 3 1
26.84 32 1743 1 1
26.85 32 1746 3 1
26.95 32 1759 1 1
26.95 32 1756 2 1
27.20 32 1763 1 1
27.20 32 1762 1 1
27.31 32 1773 1 1
27.41 32 1787 3 1
27.42 32 1784 1 1
27.43 32 1786 3 1
27.44 32 1787 3 1
27.81 32 1805 1 1
27.87 32 1813 2 1
27.94 32 1820 3 1
28.22 32 1831 1 1
28.22 32 1829 1 1
28.26 32 1836 3 1
28.28 32 1835 1 1
28.28 32 1837 3 1
28.30 32 1839 3 1
28.44 32 1856 1 1
28.66 32 1860 3 1
28.66 32 1859 1 1
28.69 32 1862 1 1
28.80 32 1875 3 1
28.80 32 1877 3 1
28.84 32 1879 3 1
28.93 32 1884 3 1
29.17 32 1888 1 1
29.29 32 1905 3 1
29.60 32 1924 3 1
29.85 32 1950 1 1
30.19 32 1964 2 1
30.21 32 1969 3 1
30.22 32 1969 1 1
30.26 32 1971 1 1
30.28 32 1974 3 1
30.44 32 1988 3 1
30.47 32 1991 3 1
30.50 32 1995 3 1
30.52 32 1998 3 1
30.53 32 1999 1 1
